4289383
46930886
81692777
114636915
157747793
24238335
119885386
49760492
196516649
189641421
25202362
150490027
183368690
102520059
44897763
167513926
165180540
140383426
104089172
103455736
35005211
121595368
94702567
126956429
136465782
61021530
78722862
33665123
145174067
68703135
101513929
1979802
115634022
35723058
169133069
125898167
59961393
89018456
28175011
56478042
131176229
53377373
59484421
114544919
8413784
156898537
134575198
173594324
149798315
38664370
129566413
184803526
12776091
24268980
111759956
149241873
137806862
42999170
182906996
135497281
111702305
84420925
137477084
27336327
172660336
159126505
5750846
32621729
100661313
33925857
141616124
84353895
139819582
1100545
198898814
148233367
10515434
185990364
174344043
160313750
77171087
156426808
145117276
89947178
180695788
109393584
91705403
118502651
152392754
74612399
53999932
64095060
11549676
43993368
143947739
184210012
55636226
149698586
69348094
156297539
36140795
63480570
40651434
175960378
117097467
92066601
176710097
127612902
130573317
3570492
87926652
60260756
159997301
85560280
2724286
193209441
194953865
94429689
164228444
147346619
21558440
70744729
63958031
33108117
114738097
7905771
69834481
22890675
10120709
191698927
31704567
98777856
55179497
124872353
127254586
172276965
69455306
103964683
152406219
28624
160051528
40332871
112805732
120048829
178409503
115530019
113258270
173363368
9959708
77486715
173226340
31518149
747796
89700723
117142618
168002245
150122846
39493451
190892921
160243555
31192379
22597488
111537764
138888228
147469841
38792350
111165193
69441500
142757034
116087764
69470124
155324914
8936987
182275856
75373743
187346491
150322227
41148365
160709859
160281936
171151432
186452551
44316437
171899228
76153275
13975407
139901474
26276121
53468858
130794395
39036029
84661237
5908235
150573793
76065818
5894428
189366143
187231011
75335928
184639529
103318776
197322404
139964443
112255763
32114613
67854538
152118606
182436840
109002904
165344818
195235128
132670688
151797369
92067917
104569917
80466996
106043324
96987743
159259470
159512183
80298490
198295499
96689772
86206725
1385644
172755590
144617505
43268139
12502954
72469786
27907669
168338082
122308542
20388464
133110197
6939507
140759355
85228804
189376348
102278611
50573622
37127828
34949299
54887343
129195746
192035568
135354340
87755422
89023311
94613810
47267605
169321801
145425661
196473730
108044878
146811305
169229320
105178736
190079444
34248626
177648522
70503465
2586708
152473416
143408282
188213258
159412924
84167637
73442062
1305624
38962600
176532036
38433452
73911899
31419379
20145550
65947468
19290071
107900973
7487131
113903881
7684930
176808933
111845894
4158660
137370163
58657199
173387981
42548899
101252996
60152959
72713773
24272813
62739668
25187190
167681095
50952926
37116466
104365084
176911340
38422090
143327684
153443376
76855542
69755936
37379107
149517445
188219756
56669179
57418418
195706887
23089412
65103348
25032172
187451659
69262009
162402336
98625210
95166342
57467587
199878206
155319301
182697713
76667372
70575321
60401255
96864819
174044599
97517721
1229904
150955939
135939811
197073940
156915667
65311705
119346228
46811127
14829150
107565984
155996658
124763920
155789224
31602422
189867269
180821396
19054081
111645630
195740084
117679292
6811972
53207672
170073850
14647625
35905385
46741222
137739299
96306640
143606042
111783898
46340713
197352298
115256190
182280524
46942590
124688209
100108581
166288819
171499336
114937732
126371155
127495994
92218004
82160379
11614769
82085273
62981776
30668850
46247255
58721860
148348142
105575579
164445884
118421993
120223205
52867621
17679567
57962504
1690613
13801961
22262754
48031326
11154259
137518944
82828202
110613202
114723506
182936784
76902021
86222842
150390868
55789528
66235189
42608872
137949908
77849958
177210498
53448036
108518808
23457753
164686248
109383303
129033333
129132133
80321648
101772890
181999754
150517567
12251746
183690368
164319529
34514500
84238046
175473788
24549797
167066249
86086990
139273303
150003033
15505363
78012497
152910253
71294892
144247686
195519125
61761152
74613996
25245975
115209188
35649157
48703729
79895436
145032460
30253414
61543921
77870460
132026304
96060028
28388027
144278050
132266748
192707556
31308902
16504794
20697697
55858699
183571043
159301039
195132002
186090428
174806403
73144500
139000681
98617647
69908538
187036159
12895151
144522535
12282134
128104339
180171692
113502215
60516127
177720504
143755629
122060049
55590964
128298285
70636429
136495343
72576335
2903177
129202900
103885238
19407971
2416949
12260289
55495367
161717988
7392292
41585795
189040743
133053144
33102829
87658390
2961682
72655340
100553541
569
137453826
81174232
180172261
50956042
141690360
10409117
47228023
116266761
66000081
175526309
186903190
2495425
100618996
189806367
184214677
4504234
61730690
186631626
16764524
117226057
148349614
76673168
11328205
137390358
9726312
96947386
77565100
65204346
169602726
30634994
65204916
107056552
164325578
97893529
10528946
158532290
108302647
57756970
74799051
26819080
85799631
114218593
81830857
186418627
156541312
118561886
43439214
70788355
105193512
112720090
188014412
106059479
41909610
51858969
95966189
104152274
148806355
26047641
169356620
170925433
109198987
87077888
130498338
73524566
37487770
141027284
32056856
145790417
51300606
159372260
25125849
137100237
126107205
159473059
176035217
82648518
78034945
71990783
153436873
183228458
184710873
193967637
141804289
26620483
45826607
37770478
130772757
47149314
116334471
152645729
70591100
25533459
39723618
1089438
99058025
77211388
194633074
183631233
75518157
45933681
143003493
153160358
35550270
69110699
112633417
64101839
4275569
190668363
136092622
10228794
26413173
173319847
4196431
168217462
52456682
102539390
58504292
35745791
2205057
27355115
188391521
72796157
52888574
80631491
126401947
4462951
10359231
121035021
40610537
138393740
19485054
183614030
91554098
55035325
105241081
4187516
171653516
162033002
47372231
107746139
172261796
73785404
133582338
28974580
94519218
186039021
131513970
5539862
21784812
186235379
32894977
62692685
59031536
138299904
143324176
185433483
195279207
6199759
158984857
35889744
144593499
178469911
72020127
88663950
33505236
29777560
145367818
57675105
191810563
192740049
165421244
16588711
119041805
151519934
45563291
66077375
137558955
29593614
124133589
159343768
15828993
9544918
74552805
127376882
147844822
17876982
165326717
143124030
76593093
124311574
31530126
21186593
102781486
103550253
109850543
188803074
133327814
107734713
46478179
125138377
100474762
64415775
141727088
72032919
15935710
39806732
138110294
6011017
69400346
114760235
17871137
137745691
124305153
92423943
65122573
124666328
110300925
30449291
120306710
186894018
7277217
151836836
60596963
162575055
55387090
22963858
151378130
188714904
130698571
50372661
166369633
83689685
167304789
160613073
155722604
35756851
419805
146349250
41767868
122336503
61109485
59639006
60082195
185414639
152062949
177721120
110080967
114880226
60686763
30387677
154290596
67963981
34740865
14887560
30539036
90127955
90367770
34433518
131359211
21066342
137322532
150245196
157272379
104627321
110858270
112994984
140384172
163794427
59344234
182152040
138647283
172970072
94307398
51245830
10901063
46370347
28966950
120982030
161250573
89653714
3886059
168057522
10134047
38626924
182945082
93189435
181271232
125829204
127622954
112630443
199411898
64945486
62875640
156684278
22089159
26250262
69679262
14989683
42561041
181539848
197141723
181208324
7026272
91449122
32454154
17927335
190335821
113937457
138909365
4102747
3591171
195311776
172160269
13725218
33938701
7621703
106914653
15209933
133450907
87053959
180356728
132862806
4515797
95748720
89547084
79121308
174515334
11742698
94110991
17076376
45798898
91252715
50801052
52825171
35218189
135771559
70752506
25554010
49709016
62178224
82173109
105816539
57490000
54333378
172058109
143945053
61955081
131489114
11671338
195405989
71059426
192028067
180785147
75575223
87776787
70332231
154696532
62292122
134591281
101323875
131884850
180390179
192576590
35202254
33215350
80311131
170973813
103967857
158381494
73199181
166146081
40554603
179015720
76152433
94887982
3590181
20097487
9359415
135079296
31768825
4765404
6138722
23796892
185550551
134230297
164090032
108399134
141443181
78898506
42990415
42767057
63299708
23380595
87859999
98501962
109112297
20687483
69475776
13080154
179068977
195191309
31742587
72139932
26723382
107895021
19544266
30313563
180508860
28903682
17909211
12277685
33669086
76564285
88590930
71735990
10794583
105197314
32651476
4754116
184095820
75641892
100037525
47395528
151538839
187897525
145897490
60651136
61101360
67889618
126247643
40170337
63080928
10506582
164826621
89804310
170917955
184370888
172634225
151426815
13274570
190543437
16220853
99460008
67107722
104811783
23712350
130418657
10009097
56363827
187689126
46621269
184522071
87726651
146533149
136060910
128140528
92430639
49228398
189241888
12836610
27992393
81928577
128433890
38498976
46755199
70754552
9416931
31126087
43388777
13360099
44400657
86448566
29580952
196377017
6072641
134392735
20089368
136491298
196918184
76453195
176696776
96055805
60975266
64423428
42588954
49552528
45080308
135019593
151297278
34322197
372555
179289672
116250774
128806445
70305000
15522325
199560997
132238283
46648412
95466127
145598382
143565421
181914693
175179334
139942439
187987334
162088421
12548159
176994985
11522957
89001354
153691761
107578762
2492972
70631541
150167716
104561852
115711850
137703662
108375482
2550399
138076217
87665154
118801173
119399015
10486506
186839851
171476364
142724790
33488263
66942491
88323172
29570037
101373537
116018859
22028828
89360871
78107280
34576987
66355856
142146590
123578341
72563970
49725352
178587665
143195511
199893069
83149517
58907361
190113083
44041351
113974112
128189300
131706506
85291638
100104667
194709364
72131489
71581032
137434154
158136104
191039875
78273679
187706141
92413412
194292538
9734969
34290636
124916170
44311956
153162844
67062760
20406649
25726814
169304465
198994314
168922326
21713886
134660183
80346039
11826969
178701535
194320152
192532621
162924393
79611790
92637289
10150109
4259631
16734673
147584264
162395735
7774548
78374295
150101877
152704313
72666833
12353198
186994949
50099355
56665155
140157793
169678468
129588156
18400960
138982933
181098823
187323286
13213171
168275358
120185677
25040140
199493245
167022181
17572761
14933990
99150323
110210050
25084100
103409954
179461075
172668364
118322042
187235624
51042659
68423919
192456289
176225844
133293469
179451238
78841551
42474976
172125383
48520019
172063133
190526343
40019304
153161956
30365981
53232475
173953666
3068011
130788967
173446912
170090192
148361729
188380902
121756868
111088131
13465002
77683174
90549207
38649718
196005216
130301183
89692377
116945487
122757472
118434573
50238957
154725062
197276125
92713933
179366797
98312496
117293418
169893141
190848153
122971726
52775474
96596980
96925393
55843485
27385948
70372305
78450030
28264029
111269559
206898
139352160
124734562
130406424
82417719
163384280
126411641
12718902
105593010
95873480
187992726
24027583
198628789
195234140
21303708
91342723
174600938
172132557
61152493
197010431
162980710
184124220
49785905
59577690
81049613
105629391
86963638
3938270
184079421
115227667
115207829
36802671
107096180
92458743
167209095
189513899
55843024
146137088
54749154
13952386
42010569
95258232
37979969
93155710
90492373
111800030
184498433
117609663
83932587
98167279
114620094
99429649
82291499
16922351
159007339
15857464
122551742
98487330
72312086
159147515
66231349
187519915
195950186
25843881
132495011
15675634
67874133
40854387
161812722
122623287
54806773
56339643
17881519
92786742
149495354
160890244
57103124
186510139
131016259
193552063
84677418
45636353
92981712
19485269
62558705
104505404
35342733
37626799
2992734
107654819
196774315
121740435
147691087
45240853
100669
132702450
60916487
67974802
173556837
75245562
190598089
28363610
131585205
60995960
173666704
133596911
74402557
30769829
172623403
5418816
24321892
57300821
103571522
117303605
129302443
18646579
74325361
17161528
56273378
129834447
177332700
105564045
51574882
125023787
150804899
51675551
110242589
11721386
119650353
83799426
86966948
162764794
112163036
71068506
76277107
138346092
4665417
150679664
169115921
177288820
156098480
45954166
87105994
112186354
15774123
16408437
130832933
90099484
86086317
187106312
19933931
63419017
145186709
124025165
40959156
95991608
28217069
151201745
107712995
147867422
35001171
47196295
163148569
199680559
118264801
39425676
138026652
175446571
190105340
159658925
5251743
198720172
5613091
144874089
110906527
73903566
13798878
94255812
164003050
99885196
81362124
36453333
163304213
79065186
160478499
4263370
175056794
188695568
155465115
135286141
189079342
42982639
182482437
4744263
42663198
153263590
44169939
33206202
181226513
86791631
192865128
186478257
85511804
50994571
131352346
48934683
124898138
145151225
143190495
141417540
45036421
77068972
30387226
8340634
156134158
190865725
65120356
131190952
32077645
20585472
118993446
73673339
63568111
101475883
78417603
158747661
107255825
122587542
44470216
88482339
9379174
37335344
74960596
147407330
140846267
58829294
196342013
118260757
3980519
192048860
112194650
101533292
69117832
142581876
162390279
25251990
185963953
27510635
8959295
18041598
48096107
127952741
91714937
164180570
81944976
170132540
175444584
189200801
92720083
19914800
130199492
154615609
109766496
57676440
102022939
50612763
116505735
150881304
21389873
173002606
142930164
133584523
127052251
64564349
128682751
89442530
89816339
114646704
116953165
151291986
132688302
17565625
131761079
76919591
34262547
66222407
99568484
9707131
107939561
44804919
29621931
38139053
199420528
139388427
95815494
153959819
42517543
64837581
104841123
116423768
37840187
100287639
102524643
164892438
164851988
31207394
106851320
107184680
145854098
23804486
110993018
131058752
93886463
42754098
60494695
128149010
108976505
160063179
137856142
16916066
4868098
19994425
107571472
56804978
159382853
3386966
10764797
54416748
68224547
168122272
170840516
158581086
68409912
73365159
175989877
33261900
104572553
82841197
192962932
102943003
159162035
103955951
86518107
53048498
146710049
199529154
33713861
108202906
159592334
171570003
177635325
16976784
191564428
85206797
73781763
3463633
141110115
84546560
57880381
61851014
105185185
28720897
20432100
173595097
154602408
48938329
59373349
111691313
184295879
104852634
14634316
143457914
8808585
153668775
49022765
8034986
153197930
82736626
116237892
165306616
54306629
146389569
34799752
98387409
31596366
108581515
154367395
25222833
45644428
12247776
87073847
150829613
93485026
160022300
176941062
100603786
8960629
88830763
12295100
193256508
193683397
26929416
189230775
2491982
33114544
38253540
63043320
38828826
173506518
31797565
56651794
80329499
178187134
91451546
178716908
62299853
33062
133084303
87522686
98193842
197848432
174596534
101539807
143849810
134618834
78480869
44453596
196095815
19827984
56748696
189352324
13511382
136194465
31099451
68519716
21825361
121869343
131563037
60654187
95375861
163360602
117305981
175705360
194064088
61273879
6938620
56363941
113823293
140022924
143886628
12017135
190387708
118483162
113556942
186753870
53101996
44554163
31207466
49197811
116898500
140472515
91066487
182926234
129183332
174682290
51445950
151008693
96551633
35525339
11662880
191927494
51402293
181485213
167632854
45466382
95275444
174571475
101830323
9098738
167110751
45716951
21115873
10014811
16716465
187189168
196768681
122334813
84259683
80492499
24048977
53674535
20965014
115115464
36600769
150148346
142314107
140563072
153673391
38865740
176088411
17852623
83309587
80007057
199337836
103458793
125473439
94613281
130546620
79820114
156228371
97657371
178053418
29860596
160188534
194769883
17049764
9473567
117104697
153825800
89966067
141153674
7500335
163447433
108785490
96617457
166112132
103615949
37180529
119785523
142481690
65785292
137638147
78307629
145792349
189492335
181766422
123782140
136621968
112313043
3602255
92850339
62486766
34172025
122710936
75191653
81458260
192277052
84665220
198562957
198619204
174631287
192232983
6119540
138078721
153534826
102736997
156707205
109667127
192433878
76492728
104665169
58219170
66647227
182972798
4011520
56139563
164739221
127793660
45277883
129568616
183912267
138128223
192055382
18084292
113355511
67247035
99542553
105632563
4428608
150621862
104251768
179059895
195371198
162887660
169654968
1422376
118141009
126362173
111089503
110574887
55371254
15754673
168794057
122018481
51243823
25321929
30674396
15983044
5631942
75952280
198068012
189544209
66596855
42639747
60144854
179952366
162403134
12203759
138101281
166831742
15341973
94869401
145891638
10713171
110273413
168062958
64651899
28414422
146941484
28257755
191505661
54829090
96528780
12816071
29363923
147772603
38138000
60038320
16272000
43769942
188506952
14340012
85830504
55103807
56979759
145975358
87572525
19382894
158179117
78190158
186214636
173521090
173059560
184622626
36750614
83332973
5201937
153918865
164263748
152143421
182176620
155769409
59488863
78705400
21101832
88852786
26478004
59239833
1407458
95266356
155526127
189914410
109606368
41356631
97534569
166586128
39848341
37623446
38485374
198027458
115813605
24700010
24064901
88873165
61838989
113331867
24722490
67040926
67250732
188986238
71700699
101943705
197272000
131189562
33165457
18373832
20042348
59643461
130130017
21449807
7426169
138172497
63880569
117032538
179529128
161415139
136135018
19377470
199038585
174620392
69921280
167368542
51836754
146502533
56241707
113675743
59834400
133480550
33233021
179601485
122466788
104933720
81545190
172255140
88639634
114710647
43145325
108681983
26870461
25791694
182648142
34296630
163964191
99045063
3845520
143493320
112976554
139980538
15387142
164531492
114600930
85308422
131900034
166437685
84327308
40658094
132629780
144161708
174138644
165862802
176279545
149121784
70796522
110341087
121376925
159436157
25051735
17038602
120634492
104438548
42830296
155798986
191251530
59310840
54844049
195097051
55320512
20336956
135077589
70707654
184868448
102194872
8532428
116768482
68632557
145376088
157426576
1262337
89537797
131565220
167125139
118333694
80687005
90438014
28674782
54580282
102390523
106242869
124135236
23025015
10681417
19481884
31340353
54449299
78792724
138700754
49546350
134113236
159037710
37140292
57337242
143906158
139335164
118386023
60674641
7967721
63762111
70617569
61746410
5816260
2182790
81387902
124149955
135386147
171825916
5341089
42482781
74216439
111583958
166618017
149757806
122265375
186099901
33614511
176714674
117408978
172315265
78777377
104038566
131352976
115917669
13892161
75259134
55252833
184794536
188450127
115736906
101072999
59067697
177483316
106889260
113766839
111387570
83555567
49152986
83213486
141413008
91635767
9946277
52996966
110770136
12220435
27778693
96870037
45834946
57009719
66795367
18150212
135787096
170833934
2019540
104221117
184726095
77278674
159473950
169520631
65728802
127727208
70593630
177312851
105210525
29999242
91079690
69114447
166071161
140232676
152327934
107484169
84384795
14790563
160481135
195154931
79527351
40776180
144541320
125362297
97785900
11336688
196028861
33572996
34686974
198048401
137794114
19413069
127843428
149784416
41450052
46088582
77511625
112043682
23401433
35238502
194559277
114481123
104352949
13146790
107230151
109197235
120630960
191614946
123987799
133628447
39286229
56031502
174404628
183827549
181393799
72190528
47680589
29939013
158279876
82367563
80503766
96073990
154296984
8347194
98374759
195747036
54435776
175886384
160307071
77837209
63641238
7382700
44834684
20510539
20529490
152064835
129707775
141160450
143679781
106211926
127305250
35482362
162243428
101709878
71826264
196153579
26416758
119506853
78608944
184696634
54390769
159112711
133286977
61204105
19976257
31661736
56951142
74412034
60064472
69774565
4765595
123705710
77157265
102116632
144216249
150203107
54181467
126440376
91363558
50377601
32652302
71185160
85859963
47412082
172895038
157686227
96082014
199311796
129709433
174690958
184008430
36616554
133803669
117295407
97820659
153779927
1473495
154771801
80708313
61537967
77062718
137990260
37760029
6736335
40106892
34492631
156939443
146804712
160933007
100819353
197182313
46101662
172004513
135558628
146030096
144899551
93244856
42112110
196727699
75470641
16803069
33252481
112087195
3123090
150547889
9907854
9419369
4537736
17196008
90127682
66075704
94258726
80634295
103835733
153511414
120741187
138328364
110450857
120062251
151777724
11270210
117244564
50395738
183274723
52803193
196425834
180690626
198564401
38537945
177418325
126551394
107857366
10670806
38638589
110980456
13735047
101062795
120399826
18272784
118258803
63043860
136864840
65033882
143678155
40700573
71061648
116935695
31545290
181512505
36997946
35839366
45299067
6758863
86235104
28573790
112078408
135177290
61780768
163159161
173715235
39199093
89710555
81572601
102386251
128349144
45069410
168637651
81928291
17985588
186910435
52703447
81029448
123775275
170253681
77223956
16992200
41315329
194159651
101053842
22827834
83673949
189409560
68126901
142949164
75644664
149217043
55027572
10821955
10997811
18186733
37053542
102713256
160413640
171142496
57615859
141279136
68728258
26253510
23207428
86713846
65680297
75910875
167743294
41971924
46164556
44967250
58964125
87479885
91643253
12534319
162824071
27833555
1943880
83467324
170782719
130104896
32684367
78326644
193443203
96198530
149029729
30496746
198911786
109443370
54155594
56527645
103238858
122883852
135297508
126446286
9597698
977805
54873513
29857344
42949730
153554421
127340947
154430207
93550658
18984200
19480878
56374729
99334107
21424758
139842053
122633179
4046007
25042772
53476175
197489210
121241302
2505904
80502308
172669440
164465626
134657902
29197086
67704485
110058106
17010946
46667123
119655804
17988751
101540637
2029501
113454833
107611410
129370448
120401392
1162069
871000
139882271
110053150
100205108
13823381
102411556
22838287
17869388
127454328
76314462
67874951
101211983
131336718
148377259
73881423
95802345
135551514
155594861
16023182
98125972
172605807
115206657
70298129
43110911
16747294
72327630
156565744
176875057
1698078
76967137
178037126
2569078
69365760
140606628
102774186
83189141
43018184
178128825
153574882
22988865
106959639
21449833
124200848
38296358
22343444
50598623
186615055
10411310
6193485
55154589
108537283
31315644
170361246
178835412
74426555
39624893
51163042
30992300
16499950
52861120
160475789
47053428
107946550
29841549
187660056
10720737
165547042
30678241
41365914
119121924
106183458
148325554
193088109
82900658
39138264
15431554
133499281
25753319
78359216
192209118
133424260
186896499
23524763
103785506
18248263
97951318
143410399
69411305
181459970
12426701
174788777
194452111
59480129
82735328
76810012
47140186
145972417
42357055
130334779
39854683
161478979
89034589
188180237
154567089
171935247
79834853
22514995
157950880
158104524
100874211
150159999
91528784
87770711
26201114
47830643
158535326
176668784
191241042
27946632
10645107
56184096
55251761
5097218
115664225
190503441
81907231
15320763
188992210
124264286
198171894
28846894
138259617
139722835
69543483
145343058
111658082
149378337
167858053
122125315
159999213
121248617
72285314
51527998
61535680
151002780
99358641
20071006
127671564
143116035
48017638
190833023
199300131
155785752
195930242
167480709
198805545
130353825
35317824
187797756
107134463
86006071
69161002
45394080
25728906
138704485
43253491
137386989
140599174
11111544
112028656
100598388
132360161
184313970
4642738
193895841
187833102
104001379
13966848
168021018
99633766
114500838
158854042
151450250
122802942
154784284
118930959
121608488
137654461
6765135
161922596
44788924
92771206
31083598
142699356
118500113
22304435
185952847
108403454
15419962
49580744
20432110
168534702
34457257
57262432
173177440
80869451
97611886
129695171
94836299
65632904
81845289
61853489
24486946
33295539
37172784
31787582
4742850
158781272
169442043
11507986
120703868
66747319
104279192
4303818
9446676
75295657
26608253
47915875
36215463
42028215
97496619
109163925
63079269
131953877
18942709
36256709
65339680
116554595
18468232
12692331
182187500
100313522
74545820
6674446
186125413
164234956
38462029
190868264
123016228
60420424
2376250
96236448
127167744
159171794
153056618
189130772
86983804
179664872
37046647
123199267
74209439
187059619
32363193
137288709
171529848
103822254
26061770
36869528
20376850
97046355
49561859
2564350
49876229
176624031
61755148
36001642
140858988
100217177
26869906
116391568
13153954
81762508
65144369
140321698
40934303
18200987
129452470
127918107
50382211
19015469
103633726
177108003
58591440
188513271
166913064
30121288
92335526
45491186
66990816
112712376
142537541
169069027
167793078
44930122
145693059
29548226
80931765
139068399
129765404
160318023
55459967
142919358
42080532
173120688
135757408
135531187
191321676
117726230
63449294
94220239
189258051
19599372
71328242
47849492
8112644
38241306
77970780
152964522
83732493
197477949
65676898
78786386
19063328
33469976
123716509
164756387
63018202
57164626
156341138
45299958
17482649
64317458
40735668
59563181
37438146
29009428
47610720
81276174
146735658
111060014
175496414
188510062
183175739
46824656
36359554
43804735
137582315
114330334
196769257
73831160
164324635
114962507
152617546
183387964
148432483
76334055
660703
63967037
186015033
157001842
161783348
3497683
21319300
55035368
115577216
58757446
136561149
163187937
140033621
135813159
126764303
168046387
124323221
109940042
14871043
160682775
153744777
4969710
127529462
3030386
78800870
91854097
117992893
31418417
75242061
118941728
160268824
128419117
182908766
146283858
85420959
197208466
2297893
106740259
104760186
117875109
18014057
41321335
81063046
10564030
177134495
60343702
178610417
101457716
22800096
45997813
62140492
176544874
50967523
42186306
179575260
129768394
134040403
150084506
13703163
61798817
69026234
26488339
190217934
104451352
25288549
75638893
101659818
27586442
34895504
6420005
197977904
105425913
100257692
131557302
115989944
77392187
191901004
94600361
31366256
14701101
193114526
93506748
43762327
44082050
135693054
75853939
26366796
122249809
25938445
92586311
184048626
94964680
171591002
26782912
199416032
196879552
154938157
153592203
76982346
189833661
12528560
74960250
147775927
112786252
6517553
63765871
190178440
198418557
10882584
74061048
65636010
3997111
20084148
109398337
100595513
8293554
185252277
179478661
130543363
63707074
124581324
167108342
158671754
96172326
193891254
10604139
93051878
1345764
164196342
170034225
43695777
176724902
97510827
191471704
89511154
104028380
55237575
132205946
154963290
66120160
6266994
20599300
122633623
26351142
182513990
75745488
34644696
20282619
55224149
17704412
83989693
32321825
184812754
42661448
128494151
31220360
53265587
74062382
32566124
17461929
96612959
76261902
46703183
194123786
67733606
136214337
98152167
175487534
120936636
105631809
94124046
127203630
126231109
16757669
6071125
161261451
92503157
93232173
181544070
243658
110936585
65533764
32565483
95749339
160711564
13575986
179486052
66493503
87638368
12052176
83955432
184251327
140830430
183174967
30891466
8564037
119389304
129043633
184051571
92842292
87191794
78175617
72562275
65939255
147449638
78633400
27200707
92469147
171865573
8744777
145229157
82802159
126794893
30310992
31067850
87506457
43886978
10553902
153999960
131525347
75122431
90471744
168293026
15952861
73646711
199184492
24516898
45552368
180744477
61084821
138394660
67936271
191776790
63473287
186391879
191742780
142106687
13592586
136728279
166488613
22337363
81957436
101807124
1648609
112268428
132874974
89155066
8671759
195945229
43155027
192713458
71067660
133626771
161006484
139536873
59789835
12707329
16570124
105342203
45968158
77654945
96253215
166420782
121948088
159726503
152812661
113690868
154349542
166405247
102935500
120838155
41258962
184892936
75161631
42907571
149677717
60552958
132062638
158349476
56498187
27734017
151062934
180082199
13877140
164585770
119619072
126183327
29809451
136189196
84041882
75777610
66360494
180295098
42198392
188308582
192537953
195011053
154515802
199403847
13932652
109967654
172758355
55191614
94860591
47919986
150615538
97054660
108472944
135194528
107920488
17487483
162928545
58983422
50086034
29322037
76085544
169705107
155505365
105894996
158410655
39547247
181672606
24771149
72358697
76387350
65596083
117413002
71398403
72628238
116816850
85331055
182595892
89575205
193039021
129972835
137495191
196170911
27027495
98484488
131365439
134947983
168488323
146810336
46447757
18574358
28648726
122533302
188279465
184154091
80944650
146690120
76217690
115133608
23977622
148576388
191520958
142090057
65989390
62919361
14718295
182806240
766768
49830540
124897797
46322141
179803375
114909341
42493053
59347223
13393829
26374844
46811558
181882152
25701533
93259316
456510
54350259
68308970
41252327
38504350
1769972
40458800
114722040
116903580
116952774
115814780
108424538
59042831
181804171
171343899
126277479
17126763
24627019
176108019
142024561
123465512
8427746
109450254
18474917
67774969
122844083
44849762
114586528
157242587
70551295
60362196
10215450
124901554
128671166
103984129
15922256
130441138
144442929
130644296
47344718
113912055
98975429
8285608
172954887
80779600
179629507
151748718
150422715
56772878
127856737
144963628
180238390
188800835
54413882
198713308
56575805
29774317
96079422
23678685
39533257
19147069
84040881
49748707
144048623
65228399
153732836
159970879
48185889
150692118
143131527
95530607
64604173
42106956
103816215
90075412
175402908
135962074
41824130
178341976
45251304
22197219
175821956
78006046
10998055
30235839
129235706
120090212
112526508
25315128
143768897
152059765
44462197
80326130
1808472
41027172
145554529
8057661
53514403
193740418
11266131
49162283
141787377
128386656
143785591
98119944
18462069
171704852
86598370
112802551
150046828
184366026
187516123
125868784
62372072
51030530
8620975
191607779
23637094
121147484
69439259
167405991
73207249
166417809
100248473
127532074
7444981
45803002
135589735
113475737
92059772
146855866
162638020
86363501
127758874
106423611
184483445
146220943
130644815
123598167
111539847
80691643
107964193
151572322
59076780
22852617
55119204
120214107
14460396
78756298
41361591
136416008
46162289
167085193
102833817
146410762
94617267
162795150
44730116
82723354
76270887
189306240
82095572
91425259
75669741
9854446
50365223
112669538
8591742
181010038
36267705
120131589
61701682
196748250
124220263
173294814
19600867
179339467
93508921
86577616
58095765
187386865
22993624
156774406
154472058
125827441
155701520
49089325
88622591
52947988
131812679
17409831
42254228
13908251
108835090
117923969
23762697
159200313
83109859
84870791
140210352
171893916
57518732
54428386
168642166
181738995
27723200
40759385
13594814
173748473
127337001
71690579
161135338
2846977
80981337
115607396
128674418
36682857
17213073
69813362
89630845
1542104
87223193
184401425
67966707
48574635
154841746
91729405
7774949
37951605
29116548
501653
62361873
86635281
54930039
31004039
68374276
135169591
124279777
81969091
108918064
104133130
6176022
122569755
106980108
87157360
38177151
35654526
176356569
107906577
157984240
65987415
109448681
45207433
102905192
177415389
93782069
57746939
121661146
154073370
148214896
150777694
154575023
10576770
37412975
62021414
94097161
158303604
197191005
18376938
40272695
158625421
122510069
98965069
81195176
29490177
186122429
171888680
117661055
162478999
79795257
75645296
80982766
189243938
173369081
183887958
19175679
119667502
94151249
140836825
126257224
42366146
144130872
80832247
52942916
181543847
142853661
147040077
139847451
192561018
165417016
32636498
151186440
140443437
131601568
32381616
22449966
170240349
4270296
140111021
132719348
136581905
68272669
66218466
178342196
41641751
102622777
197517875
13825605
196774026
190871053
140082830
39140172
135001925
73431429
92083088
116545772
68801443
91639518
108909576
61362461
109572886
194062426
12548901
50016323
125663994
97446870
72466289
148420696
154233518
65093662
133656396
90815424
133366332
199874863
69157620
27524435
102497640
119191847
93866392
151788018
110062900
33949222
43444543
45064825
159897004
188043983
14126950
28698447
79683501
175552878
90060908
189256387
169615304
155126162
91789062
147795651
52573032
164255351
96216347
59322902
81865366
29872743
150138326
67748050
82263958
71812298
147788837
37277950
43520498
41655229
189065969
153583398
128120804
32510512
51164576
88017808
73070847
117807878
116716255
152754349
145877108
6777163
142010736
168008764
14419677
86316151
115804415
66992709
103087854
64537114
126315612
184953220
146926210
128970290
52701270
29190168
53298941
490107
118984471
96819439
94661689
108050440
102919189
22782493
193077304
6600117
163316653
66148151
176924347
80032908
71418852
122801455
139326423
65945941
143326572
153746101
152262092
111647339
73255162
55349946
176184454
52087126
92819519
175627016
33573769
145520789
4817184
86872710
198527249
123801655
36208501
145705290
84368447
191644042
168487783
129962103
50760512
184320788
48626607
80201211
64353696
172561811
55519019
56196471
38507752
198845591
62458924
43286196
110492930
135714087
98636143
139193736
40317565
191455662
114820752
73891334
189492803
172154289
13280396
40536404
148472296
49488897
186241694
85357096
93649292
7245829
15319199
196926156
191566617
116462158
77127367
108436665
141540322
132646386
164633137
180048074
131491977
27092061
23334271
41984908
15322500
174486766
33694996
55640066
18458780
148515749
129531400
60467935
120670038
142811797
101004340
69142334
44817046
139762386
154499430
190982690
147008216
22334982
187908846
191091185
191313492
65036214
99527851
132853814
50198952
116677340
165418241
181690930
196285753
41268864
76192190
11608254
15755630
109887186
119764672
86730762
110919287
49296072
147198697
31589325
44624221
100719389
100731660
141957620
40481776
107747442
132940310
187489992
130082424
173365509
31097529
173912269
90918075
130625380
106766083
141117027
47302720
72184324
175324309
43588474
113453188
51516499
107713080
181725170
13920038
27477752
68455932
124839325
129290176
68170982
156428651
173914398
168890371
109676663
168388370
9372147
69940457
153845032
49378491
52539234
127210541
80476021
26451503
18128616
63617753
185733938
11761996
163436826
57918263
187086305
59541652
23887803
91119157
167254732
58129326
105039195
47248836
126585258
29878520
176539012
47272592
38823523
2969762
16162964
1016538
171358132
78051463
123473348
125203165
179946307
176012582
104930058
60422328
54980437
175575027
176556433
40714375
187337023
139993259
151148990
174423328
199534911
27553146
65542485
19305995
85682472
23098032
66554831
64784082
105492905
95610196
112056675
144316428
98579958
128219639
197849319
122454443
58787454
121322667
100173960
38733761
149851601
57620370
151672441
4832038
33195397
128228875
45546413
20532420
120738486
49211756
47472101
120273398
76764902
165530938
192095745
162447374
41145323
111166929
27231456
146638228
6777125
139288131
143471008
157873435
120024122
193836679
132844230
178811577
115159346
33018190
70061690
65010947
143154913
21734132
122359337
176350310
149963007
167905751
49399083
70701493
17117507
149387536
43491243
93882409
167434826
35586989
108846135
8580149
146753918
136077591
155218377
6047395
75365723
151205738
163920830
47906197
145042417
149281413
26717774
112718116
34815955
96779465
30245415
177970868
171029949
152604753
154321179
120992956
173026856
56236614
44210801
42660715
5624150
140218397
189059476
173058976
28321738
97905611
181639126
27592008
33983202
189373855
33639403
161865277
140579593
50076585
9771475
85622011
199357998
89005601
198340127
86690306
38301418
28585542
64661174
9331367
33706647
18982353
130324323
6733503
75218967
27051477
49394218
133359469
19786226
38453694
106418446
48107964
136359305
140573924
75699972
22858860
129947779
161855727
184724137
123043725
64448664
47011964
8665736
116323015
136017566
59522215
3013321
174318984
140624109
67674495
183650352
174330757
139173201
166491027
181064260
66908520
46058856
82974831
267990
65845082
121428525
159202788
113953046
110304183
99776712
42169370
133163043
29724491
56541449
170403532
152768216
173506466
17415497
13950304
89829481
153433063
125988871
145359154
180268399
66612981
65550001
163918751
93460090
4723202
182926131
127040702
124148075
28984987
10015533
124416065
94830070
183960411
136135205
61299468
146780946
35911917
155985191
79943989
118152760
65042992
102863873
123437329
38549458
120279370
137387633
180895291
126228785
115892857
178770797
159013537
35022190
44320799
122932288
128482280
101560353
158374771
108039334
25708428
187359759
170571220
2640845
134706181
7047983
138776050
48522001
153828929
27204319
4507192
86289270
145357080
122066537
189153143
68794409
13132347
161948866
58698394
194027639
140694003
27107603
25314788
99707540
62129793
69635587
75156181
43128425
171195941
33530952
3684112
49420721
73407063
174255332
52061567
8113244
181303315
43353969
56635246
135132244
70558289
113658790
21421514
68431721
35725327
63091009
137226130
48857675
25039875
48440876
95401666
18250231
75548480
120716454
117957771
190194625
190352042
45630304
85839403
14064335
79161257
89523515
63485056
5084672
63778847
168062975
13197917
97598514
11416945
69833163
32730758
134491586
183491953
106668624
2923307
19217281
169759633
192665789
120591308
47315861
93623017
15992974
65566092
21687849
136709428
36040215
11882475
179577822
134186872
150238230
193642157
65864481
39761745
109643566
70949153
103540592
77706541
84147070
53655458
141639838
6496585
86386216
76131424
189988539
45571192
131571083
61722172
67847177
124236872
34829832
115163038
70376242
50822806
33245482
92064091
40048586
121802050
156462918
19626409
55988922
106701148
65784918
174369755
198979245
175428484
45318908
155036189
105651378
129465979
8691647
47291216
135962564
147594215
175938993
178467455
193165407
107510076
92705979
61012585
84263301
127535811
28691975
7155895
30874969
114453810
99219986
70923556
88772212
108199257
143066317
197277486
67416757
8851235
171647241
66396003
36796072
16966149
21432192
142447450
198948480
30123840
42255018
187427397
177718055
18194011
18411204
23399815
178220440
111117184
84412400
115000093
91169347
165620727
122155988
122044317
80074537
21375974
192967873
21363101
182091583
136034190
18640587
49508341
197401777
190287828
168420696
86714201
59770330
189852888
81678003
58718810
72493080
123933022
98662559
50211136
194643385
117073764
126127303
25380177
80707300
63056055
140380270
171876647
28676782
62536258
93920964
161267672
136428585
86888837
182630773
118520168
75439379
1271361
20544861
125357509
191559189
188965557
12071710
51329519
178818446
146266066
162564682
103827878
70199088
61227241
6555366
117358825
30817357
132682669
142739003
111524657
195738724
135635625
83401305
24415507
198171884
177322269
38199531
134600469
116727459
20830304
105636989
44683190
22101665
126181851
22557051
66177207
115147408
34628762
170023078
146482206
180894828
132587760
50310085
103610268
46331354
56865451
73485445
77148711
189548121
68740800
188673369
185286845
4376426
124591026
62218704
55064662
101913295
100418235
189665131
71157106
121248540
95302120
168356649
195866557
74000323
190913700
114560116
189147732
78058814
84583195
188146290
58953642
69687307
38456375
15080262
168535013
147838179
141082060
98200077
137386300
9822860
86873446
175189497
66715638
63980824
89924554
121780300
18410471
190342789
111445431
89567578
164107681
59263904
110440579
12490591
133264227
101354279
127050707
174928311
179413094
64150254
163074602
90883088
186353914
54047329
158479703
7405279
1885508
99561763
105605356
191788160
161900975
44995154
19494010
28616614
108975978
109418564
150396914
127386450
99761353
114358698
69470380
116385387
26138954
179910959
128875978
11919533
81265238
108443037
186847845
113194684
25109644
2438799
4077773
11463558
56486128
15073828
18868837
110887989
114635591
176990546
102676149
129052918
21985700
122170159
157669532
130961679
31588723
160582799
58348129
183866429
74941497
127818509
100251816
153596803
160245820
81644146
165516336
41511058
190087183
4880533
7222095
15196827
7319332
63816220
79176737
116321813
78890048
150561927
27209802
46041991
127552473
182402303
175094909
2054525
104572463
132764442
133016204
188677538
145863593
43880685
25060319
73321442
24215546
177828487
26918245
184461366
59472633
192434581
78488777
102076169
197315115
85710872
169789348
57150799
149527092
101482438
173472612
28417140
52044365
682414
74459131
32113190
35601070
102070392
34167715
140173533
87351186
19700272
181367423
33214779
63580957
58944095
106536221
87796504
36772582
185970818
124774222
148761568
30921752
3262999
103354089
80753219
88973871
125659789
137904018
91017315
27142227
163892983
119434455
131702944
17091749
46409938
163816134
52692819
996683
50500202
45382704
88347869
70200474
26750128
121562649
186297783
85694223
80615222
126610639
174983157
119102393
51384862
123744725
150024145
107164213
79615166
30777364
48654437
5274956
21197734
139671752
32417183
185090717
111622560
16636480
2182467
10548850
32968966
54875286
11545533
83469168
100257991
99893403
6185994
179524471
73972404
192483778
117735046
7103978
119094417
145234555
126206371
170479279
121495633
128746868
77643493
1110799
12040584
178814282
6385755
33238319
118486034
91319291
70845388
30108594
107955771
125544207
93173797
193441089
180419494
104719330
76910258
133193837
57129085
135612604
165234660
131101489
128096382
135486058
190721820
47190800
80720613
116928191
70186431
2216246
98191412
346276
3327046
110231996
179160558
62229153
195986667
150162945
153548444
66832056
32787891
114020567
192376263
125961688
159978009
25312109
30681019
89404619
11022298
140326456
25017223
176256958
123944298
153113606
111743016
114666118
52820758
44979982
84110661
175523541
47196228
182302073
175869818
103039626
92534070
7546728
165268780
88520737
157709673
171333576
7869145
190497565
137870496
245409
116459253
97848505
78073870
199656624
187253124
89096169
192499433
12270347
65353127
116443731
17900305
29612496
31109849
70721063
74592478
115220510
98760957
174305058
150038936
74630775
77344685
95089358
82177503
42613465
36126447
92403529
13947041
43995593
82901094
151817537
96757354
51876699
102182394
174831224
104049676
89435518
116443745
96549109
154222218
34313225
65509192
172122523
63925721
96619041
95359939
191034551
64355903
194120896
165339609
66911191
121268023
42684294
162000549
55961878
137814111
198126997
881759
151761153
42122590
83782853
156095042
191396296
188175905
110793789
18743872
144741933
229307
135187618
93807394
6967877
169500843
159316586
31606753
85942916
108451979
126966692
76977467
172807882
173603940
94833428
39719074
147388315
137517723
54235975
55866545
75331834
52362972
56748305
79609339
147001914
193047510
88220734
138398210
181223415
199014523
9658435
178481700
51760182
144846053
72289094
58728060
114346896
84122032
90334813
289812
192574011
69817857
129783631
165381894
95938149
24617059
57617320
95842816
14651134
111853295
151709361
142499321
16732620
8457666
74625012
16250886
1505177
162845746
7165449
35244944
14376621
16823884
13726645
118653156
161669937
138532091
177381216
128533185
22654124
120232381
181339349
67744487
42566590
111122980
33126381
191021091
188256391
143260053
86863907
2907526
107629701
38573268
145406847
176878673
99547287
72548211
193129559
101052464
87910310
295008
188813760
102286931
69635244
55056757
20940087
83821533
193588849
50837655
12354718
68759325
23586388
193694067
136503812
66152978
157333399
22146546
57174069
145589791
17922951
196554328
1013669
178069004
35127597
198936868
154947677
134674884
71485079
593589
88243700
159395389
53404949
77057460
114198673
123040194
132114218
187655112
6861727
178219419
91009120
19216446
99495096
114595508
65426865
88515260
33264839
75276617
110661806
142955260
20866408
181101110
139509589
74396429
159170114
27153538
73333297
114117792
14344774
197334728
114711381
102588474
156730118
168116330
32162286
123445143
143672876
16792856
111100255
150534604
47528627
54625727
22267402
199540075
169221236
140210619
88055336
55002427
15487236
51233494
197957687
36353644
32334604
137467276
110750073
191504719
17137166
36599722
158138863
31481940
33934451
125366596
186586766
43180921
145999278
71265405
166626064
89672155
88058261
130242671
92723111
188103241
184868399
114990513
187643316
6605987
55201132
128215004
61608414
123204721
179448499
59566101
159558365
64299455
49549730
122824791
108320526
66686896
11940865
66459389
98168837
45875316
44342337
84755603
141572589
190341616
156021008
160715005
132530123
96595622
90957677
77769586
137215215
128342428
45276451
177374883
134948415
100477583
105589888
196556829
76198656
137554739
108639282
35757022
1854194
158189012
11098165
110174721
24875909
75555382
29150462
123044746
173947051
73492800
60316701
115519640
116350768
68854062
76234646
101397243
17966036
19708675
179166829
7697603
148051103
24443280
185072486
82999518
177437215
143178726
132072699
53635872
80733465
40711981
141909246
82587660
198900994
5523763
192762381
76293255
81079145
21912843
51854353
55026196
147921995
112171054
23062189
64272763
33541468
99296835
18186358
104023856
119005510
197353187
111721459
119572965
21796467
96793946
2572483
199233683
39972672
187161534
105385907
120706138
27873515
47295153
55810150
26774509
52818916
101088883
103067764
133898061
175518078
7438469
41440610
123440074
119609524
64502799
40229189
5667344
163799634
58415548
109691201
135321496
55768735
21412660
54894461
130081555
170722958
109983296
181831590
10695631
97144830
87217497
183918121
177534697
134512650
92244623
56825559
39847918
193333506
12409675
26262331
168851584
19848145
67702941
144808010
139457669
132205740
185037200
197641365
148521726
95969100
107332566
136359574
151737835
128745227
43770387
134335742
151984537
153753683
116167332
162680168
103414865
3384829
199114641
80949563
190413831
91359264
137775122
30261749
84692770
2701149
56524081
106060707
22549294
124227022
50868717
14523315
108949115
35905917
12164681
109987193
131875017
119497247
46346768
136129205
100758826
90117155
70464947
52743364
96387191
39148632
67939884
199802056
42533461
119570878
133267971
85463645
10930142
123559445
115725394
148139265
126260595
24765827
54199972
148809889
1509202
105068689
163333205
110458317
193490959
175497886
20445510
177882328
147511485
119308630
166527885
100786664
9425786
89509185
6046380
105812977
128657817
73986264
158131385
23707630
193557142
143915709
109171275
57003637
67475154
77413022
5142902
46252101
102178849
111859226
195061991
103688051
69444267
10911548
66662720
62935226
38925786
139624583
93333907
186437271
58933213
59861792
139740287
120875351
1887329
145786667
79204680
130545146
19772932
37336066
154252777
65846426
33768127
115940404
122850063
101243281
193353426
180509317
11735
148048628
92368543
47590078
104253031
161812811
58501626
23432104
77264389
97427412
163056687
170598296
136381035
74506252
82976441
128637675
195381604
84863770
74424342
74586284
15408917
94197274
164438702
22178046
12560053
198206829
138118450
135410116
151966463
183988229
168435786
151978198
132036857
60804329
199568276
36289888
22617140
110586254
59721992
99881530
60530018
75295031
122996178
49427405
149801284
5972619
178065080
197699240
143352742
52489423
124801876
158761659
199203049
141756931
33456057
11763102
139963760
24090859
199689571
144446575
8079088
168125357
96424773
140115945
81446038
148509401
28922186
156579531
59095655
141160530
108977413
119625673
16455562
31973591
169053079
18773198
90462563
147118159
68988790
33815305
199607582
193790666
45093316
51326984
135547597
78549373
63090086
128027710
155156584
115296009
72474285
163235673
135937718
21415411
155867970
17383757
169924812
37306508
173963288
29020468
178467039
82940701
1162493
47438953
167430644
22731924
66212151
110409559
169850084
187717293
144224864
21974018
181507959
41834532
73301002
169571909
172900257
188907441
97599619
128056842
156719802
22590256
91292515
92657521
44005667
99676837
162557630
66446832
136983346
136520918
147983652
115450385
71977971
149146145
15405690
91924967
171878070
81617841
2334527
194244506
121851486
199075743
68734876
103359445
40910276
142035879
125447706
66326885
183459672
75563677
194383727
140179474
150670286
138192594
85353347
194675953
37869432
47910977
113639137
27369130
36948247
61622789
142819515
161442570
63285287
158225205
53367538
87679709
92359398
108218417
81924215
14210884
159810512
150659091
170086681
53237140
145211322
148050740
119564026
181187346
23614417
166464105
121366821
26801055
104656700
6720168
21477009
195042484
107147498
187632498
22411614
144095745
49255288
17747481
105538316
165056927
28489038
11422206
52736636
173364788
172156975
187177203
40092024
131967487
190352646
62695057
185204628
135563969
10745797
104768654
169267667
86876567
123749111
90634488
113677622
28405811
149871009
187670983
75964647
57018507
175303482
150892613
53630604
77075122
168640094
159168920
94648401
49645484
23107478
147385037
23010272
195264453
187078592
63102296
127231941
177431238
125797354
164952921
165511559
136543151
122237927
134779227
75936070
45987038
77930067
189613693
126909202
80317428
29801028
2873849
137335935
5104510
6282815
43482892
134695984
174922909
55168164
29344385
77084746
78275643
29245774
100095018
126056448
16324366
163197315
105804741
46271957
141511021
70757662
64299868
130570524
45511941
199079095
6506595
91498980
129525515
48636640
18408182
9842943
78437668
73798383
199695231
136058531
80081198
43178123
123270867
107520460
150862639
152615253
184605206
29138282
181861027
84700224
155194731
50701746
100413891
113515824
96973703
94441264
184273487
13789923
25011789
29785428
65385371
84034736
173800760
194910886
132671376
192208942
57270181
63625396
118523678
109481764
52200279
198604876
5176239
175471147
106125336
156038879
180602752
143246894
185177161
14980131
27947119
192888244
65681877
180877362
106404069
15171932
75318627
143193908
28961856
152846768
25495688
94347227
36881504
199296449
141774465
22069232
44021743
199044646
138210980
15061773
108526411
190411260
13666650
113702650
18398759
172308338
69741529
199001511
115555233
107435043
66497994
196018704
152839639
184696224
29412418
111760060
199868156
157247397
54953968
81346364
110094165
132966009
28209943
146975669
132262458
22500760
169044901
28800553
74061759
159772234
43862327
35104522
2699846
110045329
1323524
21098605
134870019
71065054
72616468
102941604
31016449
139114462
151476660
36372440
123810686
180889079
148132501
176195195
138136476
3086469
110057911
48230642
188568830
190784207
47722663
173347640
13284967
69283917
2148194
139863078
29056151
98526873
174967600
31755997
8572202
176291125
52854602
195958573
99872531
177987422
98900178
130888980
169618236
50376838
167261420
93428923
31265917
115393921
122140470
21918746
170996743
84714733
122665740
12081925
75498940
170388403
185429566
141300260
39672320
40094112
81163338
121244823
138620985
56130939
153000820
199709539
84938416
58371774
195668112
184810947
36359196
94568290
115699927
58493785
197461481
135477699
4439060
81243750
103387973
126579530
103162496
126901068
63810615
25828236
138982993
139309556
48732992
176928911
133126168
140921664
17023023
66805858
62166488
155644008
175453149
15167308
7869899
60391565
126055435
56054364
45202512
14930983
150622654
13418791
73424768
600487
1412843
77863828
81844238
104800816
56959710
185006734
84218236
120770326
63351323
75717581
112596234
112084315
52646493
45722402
53005979
69669516
112528260
115172467
77829877
140497762
182856128
85699776
889327
108911563
141754140
46091840
176358898
144893147
59510631
49783667
145493634
60923474
127647495
79854224
18240642
37123558
64860959
154975230
157893884
180728634
30692812
70490118
92812949
135855657
168728872
198335280
5525173
133773484
166024100
135871402
74271246
1396580
74087531
75160574
162824495
68358023
173768766
139183393
65767522
33279397
188967060
11261157
146719224
169130908
91115381
17476218
6254466
8492692
172451449
16664702
189221326
55660613
139671172
134550627
191516270
108400044
185402260
49557795
42173528
151426360
37945550
168961127
152822940
112033081
96638053
168163787
180391104
70406819
107347180
46158627
156202568
148830593
109936136
155438144
170477853
53567869
172914363
29248671
114576914
197882164
45913373
156314592
106059129
185584545
90865220
150091751
146500941
76267480
52165898
41190821
80210192
90111448
10151948
85549484
2144529
106790001
53713271
35051986
29713172
13576803
133726965
185915741
162407396
96179453
141353885
132885249
2263674
166784600
14650272
116840588
164666764
60563645
73155181
70725893
98664542
16536753
73333996
45165483
145320585
125499895
138872657
25530777
15611343
149024605
111080261
70272225
108330959
17309884
157840563
138044131
30886687
91567528
176476224
45810436
40263333
117830110
31212037
42527007
84614710
45862310
159367596
101797827
158942307
85039129
25040072
110123202
154092234
98374069
7805037
99412819
23873964
146677694
177459948
39485307
148218652
141056561
109757532
56549611
158366445
67598095
47110094
41769484
11681975
23586319
87579920
51945308
141416429
118791958
146988668
78547491
17170620
106356264
180345318
176112927
43911745
5385391
86236129
198003979
156275812
94041167
149933150
180149776
40718861
127393098
19635083
41453865
68449659
181908968
98003476
26816104
102023415
197629923
121101940
166221743
21216242
8681861
70683403
15149023
127473819
17672071
146212866
144644439
176544687
126558185
173273718
20456432
184459928
59509848
70976763
140735740
6067367
20909913
173401868
99302580
819363
45553303
140756446
69269022
27462271
91276274
148601478
182002039
88906197
69703419
148223782
110122439
130901632
71423537
177787814
58375451
89095609
124000681
55536242
65640296
103075218
81326312
138613081
140051498
193352512
9589844
133303590
199419879
83016110
106705458
151238812
136351825
4775113
144511610
5620848
32237385
35787884
6738678
66755776
124694082
128958449
67495910
87332873
59860081
138919447
117637040
170751884
28015056
94154073
78804478
93655353
197229291
160130791
84784786
189797141
153483303
146890982
123100731
5419535
82423444
82322541
156658347
18775270
87097654
101169957
76912470
171851391
189474193
83651148
91123519
114168275
12609598
158619429
54017501
72469679
97538877
24170893
95737916
178070285
118324966
174542394
124241990
115554257
134673185
9026776
157867750
88156489
155917759
133484833
146092376
38341203
68323726
102750723
57116473
7937732
56437032
134028943
179789124
45911225
70196444
70912643
12595853
135322394
82048425
119129706
60308425
32103654
143300599
156046341
10173939
61625565
130588736
134415930
29696174
65261921
195959058
187563924
5934762
4393169
173565109
152027138
42734373
41888835
107294213
152367198
49826567
163731245
138912494
82132043
62158823
61625290
153044687
127271028
196947684
87609464
46400734
57256109
119713118
42217685
13302451
129887057
156359602
143891187
116819339
186055776
61669460
112778398
26136052
67604223
169687919
199701161
19631361
12422292
94106348
126925575
17305843
143932915
143173172
8734689
26064959
57848347
70359979
31625998
185119375
119824015
119235462
84036461
177080124
91464932
126254146
42898927
21351989
82613748
39306466
190687681
121185876
100975927
155982431
199838280
168580150
125670350
52055793
40727863
190608995
146162141
20169790
60431190
142611409
15859315
69165879
168676368
73707662
192042210
52818718
111343390
111866225
172054180
195379851
141462701
63519112
121633998
36877981
137387453
56764098
76184447
180591486
30466327
177160374
136573917
30304607
198256876
114760620
82360401
91501092
105369615
81038894
111670882
165800805
23650303
180046549
87483036
44843023
53754212
132041598
97661741
165097602
96424175
122232273
12993805
90403228
38267737
134627803
127281209
175655191
43908254
3465657
156246677
74374581
33142383
145336947
157195540
31399260
60097567
92072293
122900352
17983534
25627540
87087586
36300691
49277843
67134136
123783727
94120867
173404700
55825325
44298960
191018654
4765852
166531234
4012459
95169080
4798971
191156615
22450290
32970514
87581221
78432299
41733544
14472154
111574682
187070491
171667694
142973942
99684410
116256340
118390646
117667944
141883880
57994585
153968635
43678075
177645073
130268714
137798942
151049773
38610391
34614255
142068427
43376243
1145489
198597238
138545323
5944460
189753853
13511965
91431327
129851426
91944264
133164871
144323580
3518947
120235362
115991275
199009241
19919772
84763967
169916240
190104068
26647847
27910825
144072703
70325922
5555898
126857769
60641217
9122023
165468160
95255472
3706802
61360755
148917313
2304040
199906078
7378125
44574246
65934396
98809452
174425672
157878660
31974323
118749253
161397607
4726037
87256880
12923201
77162161
172020847
182839441
67266229
51185046
10750266
63855284
174027320
68822516
190713053
87184889
77944539
8697565
34956713
81651341
70058320
183874026
83955381
122480751
43768504
181045979
188415147
142577956
155471652
146293807
27068632
126737257
160207767
31794669
66510489
173130968
108956831
38531336
155970409
176223060
142232734
19237027
92594697
116260054
88059543
83307750
3444944
166004082
144521668
38401657
47655423
14579988
74792036
184127156
189577091
118560540
165173136
177992238
61138496
173161140
176802398
88207128
99898397
137010165
172518150
18925238
110141133
81474981
109972926
118627894
110214393
52205660
137864921
2809090
20982066
25924464
138633193
24427010
44444898
83154861
115345020
92100321
150251201
42653408
128743829
139828293
161213948
93916965
117820531
74868796
119594457
94622929
15592277
72009206
84149446
188110427
90934444
46806931
122101760
907370
165434825
32316153
53113030
155816098
35125244
126611449
34256914
26274789
3554811
78701812
109429650
118899831
23318485
112197203
161553239
152062315
52025496
175283539
98495632
22362380
50152336
70606442
169501661
65744613
142615648
53651108
106371392
33550093
152974391
28473152
86973815
118409217
60789305
192603198
126741667
148430901
119214647
13514934
174705690
122769458
92216746
136651692
94185642
168051584
48848896
108255233
172630251
153390744
83538773
123642235
175753124
133691109
194248677
145254786
51952074
136864326
51422246
158323466
22930771
56912989
186796618
109904586
27838558
47585923
155024136
154580226
48533177
74238783
168095160
23238867
49524594
112828258
12406912
143710236
80879842
61255808
51965469
106026445
14646552
135504242
29668681
42916029
121711703
23917358
40687167
173663777
13298036
144625765
184503595
36228807
1538754
171300213
198649746
29377313
71402489
153673882
183957539
119935666
80429018
4569051
195690885
129953612
117397309
60614149
126180200
50793504
121869957
178145669
156819949
189032862
166166264
186488630
31948891
140394319
62922341
125152410
166574449
76220377
69778175
151078044
164965537
71316929
174894610
16131635
100694242
46297099
22321869
137168133
18749117
102750887
141737184
66956354
85220851
111650846
127570504
11401051
162444350
101956813
42063073
171780651
90989675
8229337
10785634
175454918
148623656
73707975
100607328
115198105
2444704
170385503
118792502
167410241
94218785
93687112
183541876
194913027
139984211
58380098
184597513
11249680
161130985
126334697
130722386
98868189
90501895
58292890
110269240
52946245
12766056
152332313
24726897
156272083
13078002
35512531
131727002
161701659
161736858
84850682
129416116
164181562
107752538
48208618
131591804
1971323
141895730
167650032
49400702
134396293
78546482
33998215
198162325
39677468
12849265
181401064
138545657
103351160
92210306
101331249
156297406
104976362
106179915
33540655
61248446
119257917
121569538
45491800
80959576
83306396
130342482
62892045
100004310
38095020
163617015
84112466
40066343
158029098
104278851
89467046
144941743
182825333
123465261
195620421
22502801
188830878
177021485
13564810
92182039
69231791
167412412
100995797
174208154
73592327
134536452
35456600
192850244
108622342
80948400
126326173
44445090
63807234
41734570
144449400
101902255
5351585
28561867
194484950
163380683
132840718
83951996
160838779
115666051
59933610
156459200
190685205
48764488
133480685
56766367
193462879
2712476
24178779
94458676
29436982
150287458
28995128
117409934
143137703
190133822
50874686
121980228
34578912
114681921
163714798
179028313
16584176
21582735
7590180
63585478
37479771
140430898
147537475
198318550
108613301
59987437
154777750
99298506
161268277
140774787
8581226
154731157
196003615
32760005
49189833
25440598
35563816
130701314
142850532
178701519
120835136
193725219
153198099
155414049
160923492
169429249
134442362
30024020
191011984
194548894
93609498
28491755
187496144
93663325
79326657
96109445
153650762
34104407
47924304
167435392
27395546
56505530
122166549
23399162
141781887
23872734
48839760
177345703
154574048
44206644
8563574
127925537
90448215
161761673
135855938
51371707
131190922
122814652
81395727
174719259
117363546
175005226
3211014
157376042
68668551
135054024
53485487
74835666
21674783
153926143
42271058
49070330
10431673
16953959
72469492
4729913
40826693
173825604
182075616
47917094
18032248
190639191
175842631
160996816
4917216
111698569
12368523
188624491
87029573
146280603
163343750
4393119
173802181
19071116
14285513
94987084
154125140
67771000
169822750
175799924
74213496
64610160
24870254
137161521
81564119
149856098
141891434
174907165
123681702
123967051
22824259
194230302
167122594
51183242
155227118
172039810
15398163
20111994
13180653
102427736
166392597
176524403
159337207
140194778
195595520
173622720
35181862
2237012
93910072
57520965
178036936
168123568
122131125
55423542
157801442
56211597
5279640
99692876
31118762
181477694
76176279
106459373
175707997
95815225
10158967
183451467
120371388
25557130
3563461
133552041
180501218
22472410
110076445
139838425
15183540
158188317
165977497
50365403
160425329
59887569
160402720
138462266
80527490
135050197
193885808
38328932
43778146
51681801
190538160
127413260
33159495
66714440
33872633
61383844
15046017
44031600
44835312
135417405
122105082
100915125
68969447
102606300
123387536
31562244
94961077
138571076
189750561
60938574
41452831
150175890
120826144
54371903
141154508
53869986
189422101
187556669
92198918
85716599
39238470
82737078
13129860
72397965
1967870
99518845
133781810
17013888
143550446
178617122
4947645
118171880
132048599
73917092
20778181
107952487
157995688
168255610
99039916
147746249
29194185
140492747
150438492
2536681
47381003
144109352
56406667
89319456
131666021
1121937
175036055
170904491
83859015
188165915
43302457
138343238
87684761
177084267
7873478
83751559
8217741
12821123
1923439
192782692
139254568
75217972
100735180
97250256
95989935
199775096
97512858
125184120
192784195
100467702
127720801
40165198
44577054
36643820
129484654
176243076
37765757
157037062
147147567
121624772
145202977
42966376
112484362
85404090
72566995
120357840
21672001
133301088
185695316
76111793
126083781
124949884
151329765
26818961
74716492
47319700
26594057
24745702
25020172
71894604
125213404
5257325
112059803
169790459
41901145
94060809
198549887
79666902
51097871
145697454
53808027
48817201
41180183
18808741
186737643
113747178
139166582
8409645
47048267
177378250
84521438
173132048
102328134
88367555
52467361
29560978
188203608
131577770
54306681
13223780
3472374
32036437
18481106
168048529
1826896
112898603
62109339
52893135
45081858
165723562
198590590
98889885
67057115
92287125
117698626
53794759
6034303
109381560
62204404
105598922
86759810
146725842
78730970
41604296
35093397
183714683
123681627
23297005
115292453
177988308
89037138
118764828
10024745
160034596
139329709
64367994
72933199
1439048
117261129
118015057
19678963
168368071
69421294
86736078
60655196
39636273
193047189
119205852
149017833
55251593
24804774
88293996
54493787
156052097
182414644
142103537
139766780
106096271
17916894
55059234
84084579
106954032
26340414
146625677
66988628
165670123
63510023
192438180
19625524
33287504
162969589
39304487
1655576
32390884
178556917
114827124
72027157
171604107
34032976
73561342
79372052
111354103
14371690
133865840
67406200
196786335
75969377
7172980
102882606
93886271
114748566
39483538
53356656
141088980
38625567
172861636
159275456
102135590
17816168
178900980
135423094
180785758
70721819
189595022
65692994
101795088
104422147
190236503
73399195
190971475
116314197
5287600
102325578
130685888
191669792
22248130
127472223
67639169
81937463
82871181
14041792
196686029
122354719
119914800
137775010
160980286
145292789
97050466
115632228
163108957
128467798
51055323
143894715
199189617
93166697
62104061
100984705
50105196
52340564
26900253
41076672
168654762
84704205
195918602
99340650
76373997
70683085
79329225
196529518
152620548
162200406
63087662
149306577
137071478
183002463
139597939
150568116
128295252
89164757
66200345
143920561
17632555
169772020
87815277
69338524
62938717
2435690
22839582
113043914
54776255
102256187
6636938
23431017
186960392
55071892
175288019
115850741
125754977
107133596
112380259
78375525
69334002
27984273
80198455
58921832
10986736
19796394
9489949
191798340
161477504
75690294
135718902
179110059
45462314
76050531
100964936
160917383
78486221
176320870
73961297
185778828
78577057
133114587
61726197
118053801
188186480
89530568
86420894
113941457
196664164
198801153
44833335
118514519
26785426
125031790
177436351
90288515
197344536
39442652
134603207
158822040
115132946
122838461
190448452
13111612
51405344
91413388
174028996
182407918
120250610
100506645
168186746
51344019
33621233
82429296
169397820
74324065
171959864
108335066
188265522
168624029
107136219
85615209
87138548
186437997
63163351
117091251
129242864
60507888
156533904
63846072
19329928
124183202
39200885
62294732
137294815
90606230
6224472
163840163
73014148
126475082
116863160
93717246
177819101
3000745
176146542
199733273
77324810
148106407
108068339
118106685
116730436
67720910
3721894
56385336
106675260
66885246
25992939
35918124
179909486
182526843
152280548
51755766
159226398
191481434
114050499
96521213
134604016
120274971
112877728
7618164
99266406
29740888
101335410
77085507
32741634
129998305
129335133
110066444
78104712
37403472
80689481
47351500
157640735
84411376
156253188
64315995
3812974
182246127
152750471
183722460
17289323
105031020
35478226
29032073
149028806
149528725
125553286
83632822
122320049
90947366
143767338
21586455
173204606
97619100
151188314
58462592
27617405
80523447
21045389
158238469
170443272
101734870
58106321
128084007
186146246
14359509
44916354
189959220
49121989
197666825
26198032
118927664
155214197
61676259
147959737
156759355
11204984
126029375
92908529
133525033
69493093
36675867
7627840
42697699
186811320
158816155
101160292
14428725
39339602
174722033
25183547
62299226
76456903
83289868
190383233
115119502
150165730
87815939
157595074
199287719
137999117
183793107
170731735
93213314
45469366
118691472
102489022
109190702
97237199
195397551
95232088
166730292
84589771
102859928
9427991
71401091
114192435
163104635
138346168
153532038
137826668
163529715
15831264
14283572
99335936
58730850
181919426
49501666
199063141
139514500
101305737
137062258
123307607
72037472
82791925
21293325
190728944
185280947
130484028
87966143
33194850
25716116
54696435
117784621
181092396
116640778
189185712
95284832
79745414
127531881
101333222
70088434
143577948
169680838
136888358
42913884
80928040
118807784
144931902
79991182
58322285
46237639
69569792
34146244
118275111
152361717
55439570
161520407
190159016
185923598
102002902
23353867
64156066
9215689
193654840
97764814
125856468
182840553
193049646
58118234
162888786
146899220
128206668
158983086
116580059
65095027
54413323
50024451
36419163
199345225
130015633
94741448
45582865
199585426
128887693
163857976
4463495
184327263
125378384
47138864
22767213
79897638
70492731
86923279
89113328
64147571
37204445
14969796
99504476
82770444
73088030
114909614
29669664
53811050
126409053
198766075
171422429
180822376
48790527
7841593
32683953
31322512
155099393
78266818
83424290
83987086
94641147
87887786
120830701
72535883
135026650
143597914
152433521
58035733
83037545
41546849
174699656
172758343
56516645
126720485
55528787
182121027
94146451
85198451
88448430
20555504
136480879
112387211
53894232
37787758
120228804
86578186
69110270
127844550
164845004
152534561
11831636
112002503
92938699
185178690
184538386
80481701
181292956
136971908
191033786
116846854
31035109
18249794
89605197
140068107
144970279
145133984
174705486
91633083
82848787
63153916
164704939
71846018
175541128
18599172
109633776
148286284
105177358
178744047
76130834
122538714
183794960
140478823
87057570
129250011
178173865
71595956
62248064
159466821
61084216
105798202
128830027
92119326
124047996
70951576
84703785
121534628
68601912
59409271
13167711
151450700
175079540
30389002
75813070
3137020
48988174
185446847
151423304
6681884
16707246
80070491
181736951
502206
73065666
68794521
182268569
51239531
192906829
44516633
63222704
53991046
150314835
192052732
198626724
126879183
63004308
83330509
48413811
131606221
195256132
114097874
135573273
170335672
144486877
11386343
173472692
45991403
49349542
124895997
52673288
66056788
57482840
86926591
66558994
130548506
155721112
101343915
34304389
148627941
145860548
97527093
55135339
148691735
142096177
106278415
75570919
5100486
42125276
176501082
189223059
37381409
90598957
177312684
7717081
87602186
188699027
33706126
133593589
90564922
11118475
186266877
156621710
68601315
73193468
75697057
51666173
81430932
177040972
85970562
82575226
175417873
36014007
190226917
124109608
178110185
96505333
52196879
35727023
191146961
81214314
24950082
28528370
171813271
2262766
88761804
111931809
43478145
122467930
45525398
134043067
133586405
84308628
90664778
54704072
10018448
18878187
106370245
91449381
195919159
44857159
26540959
23853384
80871166
16767876
479345
58981351
113273209
52676224
94708374
104420171
133890538
119658456
185464893
158220161
174437574
126743049
70151970
70432072
49210979
168193721
56991491
35313736
52502349
172621
90017808
62520797
19050808
48904405
6486530
14969968
93761564
33027489
38823352
174632731
49795366
39302697
33614082
15584927
144495274
180838809
172521450
130902164
153013617
10502696
141638678
127451192
137245745
64307000
50399616
186456725
32500721
107391107
74286813
137519422
107563729
16820974
40220
126614537
65725379
59043102
194100857
12003296
92070592
85440562
186636027
141865958
124743259
72766461
9967237
121754885
53605270
182488688
105173402
59135240
192991384
46812080
186586432
130237129
111119080
89502400
169210206
196136154
196893507
96013372
133655576
104457236
112834346
186212148
31071774
31076077
45255251
25172631
43079373
189842195
110613193
29715400
184224505
87872805
154998214
194191742
62144042
61119836
29196782
167317444
120255076
74704518
14129524
159357860
57458000
177764957
48860260
26668206
173901111
45753768
175197930
160073039
2727356
88032276
146285188
33799130
119108354
44056791
111488114
162187727
86415338
74617659
44419480
70639843
15006816
51934046
64831585
77150859
113053882
146544720
44468303
85825311
21249238
111114180
45183171
78707238
141395489
146559784
157891797
115296600
44829904
133089727
127885991
47557260
21122004
126687531
81356391
192746710
23260674
45360857
7450789
109676012
119978516
51870269
180315855
187501685
103804315
97663793
64652544
69374550
44208513
161637199
155199861
117974103
125267731
383032
196681342
66663220
199459168
7089491
34476172
44289072
140179218
14878516
91846333
13817574
141566047
25719076
59080636
164826722
71079933
66531426
74502734
43574801
118401695
107334942
31076486
74722363
57515087
148245382
144096913
101723600
162398934
99296774
72214055
140183017
152196158
121411749
6846238
151655327
128501240
93838762
48460751
68680459
108717278
140307084
135014385
102799678
166026160
194095022
67626400
89622445
60626448
194645486
133197247
31544495
154496780
16790085
106266858
12011867
17551820
102880123
166251819
32467106
2176897
38465875
172650123
6889408
159877624
32012713
11061087
88378865
125851476
59521838
9575676
87085106
199828923
197106413
189884784
18371435
191201435
110027536
107993881
104344235
157189375
93707480
135888731
111686155
163013917
94671941
123698023
180565737
197552065
142466194
65549195
199728962
180932069
38199319
59134722
193326046
70212032
70195809
134221263
48579860
129717648
143796939
135664967
182062923
140903352
178066103
434358
184621140
88093640
108428239
88965375
97799367
2135719
24854106
9485522
165149637
119526048
185699897
198231726
169594465
180682444
63780922
169323427
161614513
154496593
80974502
7456911
24708625
151170311
141678174
125804838
133404311
85475113
113986157
115467234
78894818
144568612
115901593
116032310
85178604
76846184
4997685
182977971
131498256
82368144
44979846
96647893
54410544
30679743
147395971
24005009
63878539
63693245
45844788
25493053
18189838
126819290
32949964
95414816
130505954
27144491
21219654
63910265
112619604
187722163
179377500
44030774
132290775
147795445
160063084
17469380
24641629
17577122
447351
156139885
99945266
45427197
105304130
6872162
128623293
105216454
30877171
192501832
168909699
129238311
70511237
187099538
56057602
155977554
135030706
39079908
183122045
8766712
102990173
148258001
196488875
134884025
44805128
181296002
82679470
57384564
198765382
107321100
74961686
51729086
115977337
27423304
149672635
21281468
34295466
130812280
126497922
117688989
175830465
147923973
46927301
98858054
187539863
155501255
54835608
122570569
194581163
90474005
131337281
150087688
91248359
180342508
84971714
188569839
14154863
167651184
45954403
12920245
127488636
120916090
117165683
43465974
855746
119354671
117263794
35151213
50166951
96278068
5356554
78513768
96718393
52283855
177371823
84258257
60301462
84723783
59345178
107398977
27714141
43198812
57486666
118962500
23541320
142458380
107532339
37696183
162625916
6003094
103132781
142630905
126919184
72814816
186096879
127774931
192169487
155877025
15442496
94852791
104671445
20799050
173366559
1389838
125599258
150738382
85648095
38417072
35462166
144993274
145816050
63176307
188192086
55819068
34655159
64249758
50793800
194703850
154462294
13419716
706944
110111427
8566973
180142481
182926243
194663852
160433764
175095731
3057229
28392612
69948522
107728674
49191662
43315081
109118513
27307272
46569816
194766608
65724345
134548334
192276234
64056747
50240993
32984672
119875815
84896152
97234431
170669615
132116354
104213077
36605683
132823298
14324504
45172657
165482131
197250747
92352861
125915895
24862830
95410091
6824859
147327704
55655117
56016522
43159138
164773630
135840146
89728954
12056591
54080843
76793640
56849177
118137590
127034633
89833850
38013405
64447137
39584633
61199372
196563491
143797710
150321408
181903141
10638566
48010417
199901625
60405665
192879630
178333872
85268496
140806073
185158732
32596200
196461191
93691606
128271690
13751173
29531752
70516996
25807764
83612596
147310636
135173294
1750186
74345269
25007144
92279944
138792406
117108129
5995668
187872249
60905839
8833428
22291743
71544405
56843845
22193368
131950070
102239828
53043592
69734918
43045901
38202324
154847471
39507092
131893930
83119161
105774618
161425683
153636158
184098734
97554631
100946794
119272028
99304817
27808416
144279172
44101113
19117174
113903653
102613134
59505776
174809492
111446562
134313871
98870249
20806760
9023591
83336672
123046588
62067183
5587942
166092489
100269508
160435413
58115934
32163438
96070927
16406904
46105473
102223437
505638
143660104
55686583
119777667
95481274
136011351
116573191
192098739
155128526
30476845
94711873
67150654
57802689
6158436
1464525
9189291
26965196
10488116
92525963
2528136
72555299
150630257
21136977
172824807
163582023
79252911
57504598
59652950
95659815
103610071
14392739
148681806
99786528
70079322
68459473
47784154
58607026
37549016
39882893
13735552
68025861
134594767
80886206
178344903
140753203
82350731
187534194
20234751
92838847
132576509
75279239
17910498
83206766
96416216
190735306
46788789
28185480
100756256
158958091
176361647
56882679
25867182
125043453
156669207
148462857
46019278
4453361
7069883
83568295
44336255
73321787
4110508
31447374
154207993
182455411
24716929
89075076
169989605
44951680
34430275
155082466
172747271
52340773
38289233
69163487
95592431
137594374
149865319
196348687
149068818
126226967
53231367
27452352
103786772
9900574
175915209
149806051
66870288
182985092
85890698
163722895
56306879
90001206
195170269
63031224
72456618
19887198
4622652
94962575
117355230
39052927
50045042
90102501
91393701
140850627
11782340
39502484
130961353
161647660
35851172
132546523
140390979
89082539
159998876
44177751
151499465
135914085
46500154
70886105
171415530
132390852
34609000
80238761
22392059
29779269
195786338
147365029
49666467
408990
94843956
19538049
39461918
197405350
109640550
183371971
138255977
121422891
22874455
121733683
135586903
111241979
54280206
75977882
52840870
14279082
120155633
56856688
2709520
166655788
127742793
26641402
151562992
14868146
106880163
173955051
97163767
102666501
173836432
146830235
155591844
68680389
18884636
195053762
66085739
128525187
30942085
56858069
102464430
106332892
178591752
38051333
17574872
85388310
114029215
122932094
152183745
86701200
179788782
7409617
105873340
160047928
34051019
57436333
174916074
193447534
83907736
72079841
148630388
57744169
71426428
104222232
178940910
90311065
151792346
97543001
71352604
182734431
154401070
173817034
141583675
185509174
64384719
159158547
70897485
178413934
134606994
75597582
117631486
114395776
83007199
23504827
74443704
117058218
133457512
101876130
163022104
69881600
173955972
111652492
127625769
97898752
68391076
159083031
188209817
20183422
56626033
59562421
55434205
63543455
85895807
197017881
49052630
150280526
8692780
172466467
181210812
143299774
48064049
98842299
57695551
183587600
174863478
184655607
100645818
160837342
86531738
116184274
30718942
113004062
27836767
10861064
10902814
96227843
169944095
51628984
116411266
79086480
163707757
24361823
142629936
49603565
21379704
44198918
52400443
30072485
16665385
33611256
25888611
117245786
184969907
136100514
100833386
12349737
120756122
53995556
173187079
59804212
170179830
3906021
172808274
50532949
67283437
36227440
146760793
89743885
87856424
115688411
168830365
51564182
192566586
163976653
153684099
13946291
8175571
6084542
96535128
77357308
39695798
122423739
47119446
77182057
58524254
469184
89531794
31796728
106981092
62718873
91600940
77160923
119141247
116925566
180210224
38941036
153153006
126971017
128684921
41009431
95175780
150031639
145089965
87742367
114008292
98774064
154205010
174700216
104858606
103256490
104573876
197070757
25680229
4209675
126769166
136720835
4678859
16300961
21033915
111659952
131536186
112634855
41337227
103193785
82076773
21547451
142134822
35229780
1034821
70819743
128755563
148726953
73367734
73845528
88985672
39892379
172619592
95707034
14592595
129994550
198963524
171682823
179581659
77160106
175892498
106350826
13880941
33087710
122651787
34914857
197264014
106704325
66064
38601241
9898111
82142838
112665044
152032933
117372618
113699865
75369028
98644533
114943171
148736763
172490061
3928843
41145494
197626005
99635878
55738089
180136907
98599402
79937264
159718567
28275860
108346115
118585745
42156802
193950177
93753884
129588011
191214191
458209
129654075
82331784
62872672
64313265
194996828
14905605
34202235
161213046
142790986
132846768
76156217
144044101
105336829
132601412
185189595
155479186
84753642
93444036
135616094
35869397
25897652
147851013
64145257
134243767
66436758
106302059
128193944
160190642
88406422
119408135
13165203
18060498
54256271
76037876
134890115
49253100
143459833
169092351
10466146
86250819
101939119
139138715
82811272
59792301
124256479
68000867
15271487
9010122
13961255
3403933
44879519
39858908
151254946
109024776
174102675
17691704
67843188
154812972
30398698
156249610
126737459
96080254
26826460
180993731
172118130
161716576
30246831
115577963
130808927
93229329
54345135
85264398
84884396
137156407
145056699
9140875
57673627
160328187
18150997
71634882
163732120
115546868
111493790
114987067
77087997
138112818
185195123
144931185
92925790
68110174
153697147
19663249
164190428
33039960
53173332
188824910
47272888
135936515
156919225
178081815
81682196
11264360
115862565
166566592
937120
60919265
28223820
58610747
21247452
46374817
182761981
37495924
14438038
146772124
4999343
91526035
84884942
42710819
36457220
30327084
110820993
42670719
102506685
127527773
75710679
155680018
116352683
122983567
91616533
73271908
153581734
173298730
137052621
69444300
139865322
137989741
130363565
20605494
49116840
4127369
119496664
84395173
41623293
133934702
31167297
99138989
25460737
168568591
141849808
114434309
198895675
52670801
9621380
101402361
32714926
85332060
57082379
149067609
60831979
1215264
74855869
14413714
174513994
11908490
136374366
166895669
2414583
119254283
187501163
104047775
123381652
106997827
188442949
17521297
93448881
72126598
116660286
118909618
40695190
58510094
85860279
39590865
163697247
95481660
193509578
196412173
180813720
50591957
145479782
94162051
51807222
72852004
108575765
78837568
84760494
97466483
45733237
139691430
16720766
85750753
43739205
192618770
45264932
84698506
10140068
138713814
156825105
179316706
110139784
197520295
37826801
196000064
89627512
54040400
91481724
83137091
50452574
124811796
186245400
48448708
18973847
90568974
121300712
180065965
169406543
58577559
77532448
67656132
50785341
146769567
5923237
147040898
139388337
51188170
31739405
2044757
189901984
188564510
181361464
100041768
38601157
71704617
148558184
128228669
125745017
40039908
63882112
28713943
17368056
50127513
77162652
88858256
140696487
50979716
68924221
110103030
162073627
198973021
30275515
65375320
145742588
36198752
12416219
137647278
87386922
44155624
139692035
129805258
85236486
121053499
29847027
123837643
192758116
178405211
104582664
171019486
70961472
168464777
199733429
88329528
18592290
129412433
29704136
159288777
32908502
98628357
121908160
47498481
150117731
152183675
112873802
148376671
188382427
125290021
86023949
75769350
21961997
25715985
58090960
107198483
199285836
87937987
31036126
44560305
118859551
135618790
15579791
42337375
156599919
15313220
183183255
175192209
197242006
12887392
186997339
30150508
164032101
108905499
77648989
114149832
61089174
190522791
115042856
101987953
168329164
1066805
30273655
190291161
79299142
88364616
97489644
131101331
28818955
181042122
175661636
147678506
169177265
191241427
42532233
125777184
59070999
25715489
153485746
108829357
38602881
140483085
138979865
2634982
49388584
69145207
169301167
162994110
59667998
84344023
117498415
80513515
137927180
147772071
70804676
69742675
88653039
20810673
844006
117471994
1852795
176505642
117666853
23546412
20263421
160199086
1839949
131850772
38430927
155325695
40680130
77033808
95808780
32176347
132185143
197713716
101321554
101486310
13224178
13505905
38346685
130722593
94019420
176273865
131011016
17340448
98532892
72180407
38151121
99376898
42168754
92520269
128398892
159835607
116066681
1178665
172551045
117906630
133029438
10981973
73232325
26225920
88015781
21557457
110918619
72717276
19271173
12240174
26719938
85011703
78262431
65066623
68250649
24798203
93856841
51778017
42138651
192389733
123958425
80289773
91766632
166127179
172810042
72681876
178479138
88876723
73860542
151030183
59299706
59406332
14528508
132532031
138148604
155060642
6605841
49067223
27777918
25877014
113823749
54497857
163405070
44602532
119564480
31655719
69400735
65937673
135950088
111539387
58327407
112424865
191829160
2610391
78552044
17155554
75292267
109547534
106032277
1669161
60577718
17848335
113591845
75106226
150380367
51740449
82683220
156986208
153324025
110461139
35379574
67147774
164958996
51300996
164266659
137039828
135473067
33667394
55493854
71423156
145206781
113821261
183848021
189552293
168948004
114916418
6707847
96756623
24463952
165256477
98425785
137558022
183104812
12017630
65180601
133485179
116274432
147863821
142987739
69598457
58324960
30883666
189262583
75800308
82184662
153529242
65356489
17657730
187196637
120850343
89080886
184919770
87187956
125445259
174472064
108652312
40361677
181179911
5408935
64825630
146436388
156351072
54900004
129541201
20885055
120080605
115542732
137159487
67944427
111046824
6757944
178785739
141930490
48536879
54586048
24115152
54582474
172458889
41772882
41779111
145825584
183370120
79215233
33013540
108815380
53687297
141665852
1693409
87383561
199591139
119035391
33819949
155942212
173935396
15877502
176827267
94016001
131420235
113986754
14476780
94983411
173261050
193262520
36913901
74314281
100364920
61029053
128896755
72823809
155318288
23192218
18649393
191204760
102407452
104179285
152536492
156094749
98361489
6746254
95994662
97952628
125781645
129814612
53894840
99717041
198208466
30722107
46249395
182145053
197225213
60726175
77128464
23002615
106505047
114042365
97316897
59386319
27587771
26213652
132210128
35422411
49405871
3375873
26627171
151813323
160071510
31680016
160424424
58432999
38426270
56419087
8901980
164207915
38750051
62796820
116441309
36958517
146035280
15207056
71619923
195776845
128449583
148748387
18779461
34954631
62790753
116096358
94340950
142894876
142310010
79067431
178317287
44232233
134959656
57460810
48561908
147547519
89140826
8986333
58496870
180083448
117921772
67398850
196807716
156671823
182712023
113249025
46146692
181263655
128456081
117766615
177040500
56905664
119031355
48336313
144376647
34338460
16949023
91233950
177233336
11775386
22817733
8066975
56007619
157777389
65527785
104569528
105324908
7184964
166072213
16338131
39784764
83993985
83736981
36592480
93182160
66449004
149841505
191845204
100229011
130813938
109611820
77269512
40235955
81159527
178122177
184612602
115497987
195071201
75846552
92731323
6846587
98664285
100798298
62854206
108958027
18842435
19940086
66799287
78543751
186012299
83137418
118328516
122522636
19390752
154920996
15704796
138356108
157278854
7550001
38585120
88092792
169678173
168370984
180845099
50837700
146493161
165457702
18852039
141564362
93820606
111583362
148410949
45001244
64898012
63781508
6475623
83740447
83721594
125791262
162284199
69733894
61445033
133129067
192256530
80835785
88050063
60477679
19191893
97845269
120544032
57777013
38454414
142738557
26147997
19299513
46092609
25157511
37273567
64944648
166721873
131094174
176528010
167649175
28611770
93942374
31430683
87603745
177682821
167668629
13395007
192483372
89918875
74840040
125612439
82175406
8192177
66178855
195169437
27384071
164024124
115713469
137677436
2478538
110968378
16341786
74294404
157060987
41499297
111567971
22005635
60737522
95178497
51049997
28386697
123790267
144992371
112333732
63910364
175191544
80002362
129821724
20191269
22437589
4661764
145803708
104612995
12853942
64498915
152298784
92754365
81039392
120528605
30431801
136034282
31496983
46773587
10328686
188557970
140789236
121896658
63079957
1526759
17075155
114129954
82429808
193381775
111638677
47279893
57292139
86830222
127282255
39630215
107021491
2236196
44291980
105341551
106849192
109662274
22356819
111664328
2416639
103396211
32192934
85364792
91946845
63689917
132138380
102275532
104764240
125443968
24172190
167844197
126970727
93763697
134490504
9400536
87145472
98645533
56680429
196953964
37992107
36479036
36584179
145013598
38715232
133392511
102871502
198080776
95571137
177744673
109745105
97987776
133657236
194454391
35868921
25604081
58144308
20523653
127879613
162908548
145967621
4568155
130752746
72938349
150848205
117759602
134855237
90510029
16405135
44052018
87463993
54397243
133047406
176564525
51927193
24278990
162473388
7315047
22359767
58044526
185059720
184621224
8548654
118716956
179075615
96933927
196837390
89736275
117457580
177233355
52644824
63425202
181801511
35913922
136363551
132649716
6189876
123735140
23159745
22595011
167787158
163140091
129508606
153350916
192220968
181435800
177629906
7210708
41267199
52506025
117771586
26326920
37127249
178836593
197560228
68719216
75770520
46913970
10971844
193228101
24147326
63616668
56653303
58465189
152046942
45533206
43631257
10753170
21784698
119307354
33348181
42088208
82447445
15373140
195439124
127184765
196808940
173069030
186911826
38076139
25575056
104683412
116919411
115218657
83520005
166995992
36454226
11806878
13909962
47426070
5034979
90573640
163559090
114204634
149038829
115606032
159737840
192670086
126359202
181522538
111977441
12223735
76127098
46941238
27596875
71566222
26642356
76922167
44635252
13554182
167514659
122726660
170753946
84434070
90461670
54273952
103946414
126915896
66080830
170372729
174341966
123632161
60946369
137901056
37836795
9985199
106023440
50090987
55171637
84898994
84129877
167149078
97122729
160256975
66606669
177235957
31823197
93249025
54158124
128974801
106803207
21672783
51701462
130073505
158623206
142163132
36863809
115085972
121595380
155460991
85458701
95937346
79093152
146405071
86354754
116929947
8906622
192378194
167020934
64078259
77277188
51150811
31227338
26916269
63924138
150350359
4152226
95747335
43599384
110826703
24722137
2918943
132499486
128939951
132992448
143639044
123619435
169856258
58725017
45214815
125317249
144183718
141152161
56926754
143105141
27506915
26373053
152011763
72401461
193393988
16090023
149678649
97061151
99833713
176594918
160985290
50184072
33263497
109248977
146299808
144090200
133971114
149218751
129106038
115427417
134727551
72745083
39046852
157100161
183986452
84261667
82417411
128170170
77930180
191860517
123791664
157953447
18233570
75803427
30354908
64143910
144409802
32549909
161205062
96759867
61661180
174706704
146943939
94924677
136472033
145760099
91531229
122959500
94978850
20637267
38386917
82222754
145898702
129950122
39322915
129885154
66728141
174256678
110571677
144658322
166117195
34363341
155128121
184350766
162683120
37999382
48494676
107092923
123065643
62216090
3852790
184726823
89439146
3313082
132167852
25911180
149073181
23699081
148870680
96568384
96852701
187257597
178791138
42751403
169724071
18114053
25152910
36452213
192370732
135724587
33626887
158487927
170087928
41271360
142838693
132771048
79270742
43849722
92380323
2336386
106065812
96233114
39579561
195504959
152062548
171747414
21416139
101135729
47962847
22803171
197704113
144815548
62577120
176495251
40083304
32301192
47125657
65236214
68753405
39496389
960801
102380292
50500668
23565081
143651652
45855714
8852481
75438747
89705436
101232805
130291485
48287600
49982271
169871046
43792559
2044819
141618460
117725050
103180548
42097660
140528221
153401014
186913208
3105342
182412617
26996512
87922886
29538274
144749078
156676291
121551015
145709879
111572935
24568036
21791312
107740939
70423750
30643794
35696038
12645538
131876599
165987523
60933138
34375222
135858570
157242050
36420041
129993382
127483452
192116941
172091042
120528026
198034307
159004251
176149720
180446925
38517115
64072606
9985199
183266194
20748897
184052567
181492425
184838184
8620603
3283738
145095475
79044353
33927532
180791514
144206243
18320483
146779037
57655733
52695705
82637607
67414135
141632098
12630990
194897588
186265391
184722032
115425614
184299699
196242635
144091686
164746624
87276103
8164292
27248175
70542297
81429541
11300742
104551074
66267725
72437697
107834812
11363200
3998402
141762344
192154714
148204645
12599179
191450104
58376731
117811236
74087711
125790866
59443334
139235053
120688454
45708726
176473438
88630420
82524777
25232425
32722106
47271401
112508528
93402750
127035928
35567177
174832291
190853023
140118252
93616368
63290720
47953064
104979569
67289123
42231761
149650635
68010120
54830940
193617091
126386851
172642177
120221155
52177718
84601863
59456208
25382524
182826941
88445998
166529297
65351718
113678424
51767755
165139471
26186952
145170506
92175400
61754130
172519149
83028423
1872382
66135518
198835495
102341798
23631439
118640970
144573559
25798426
186651091
51920852
19415518
165554294
77079381
139636673
70248364
161681244
51609233
95630889
144508186
140055232
114676538
62376256
106250008
166444293
27515728
184953312
164131151
172207480
46707442
136650301
107752255
101096176
2785819
106587750
55954327
78933610
25228721
527886
104732036
64396164
52448738
124147554
82466810
129528119
116300579
152715175
143725716
20426165
100862416
140750254
160481397
15538954
3126510
119247757
34499599
83158590
104201069
198630751
55366070
3424864
135281052
163118325
157037392
190583223
122222428
12991719
69516833
199967501
13519606
26765221
116880017
118484696
3429128
199346827
100529168
119729707
4578354
44254884
140155872
105440770
37521490
153153621
173496076
40648000
72401378
60512028
123806591
29118800
59142779
31689013
32543664
46940183
47323691
42097408
90039758
169546119
55089128
12072943
169513620
121125086
38838164
138909989
39609782
42267292
138256816
192655302
161997000
142835171
89426538
154669224
100792293
126948028
160339198
126804722
167596029
32740576
187316750
143918972
114375728
98975881
28124337
199435744
145916064
75448028
41533153
88472174
97510499
96622281
100545117
119540471
17747367
139383281
58450460
109873501
181650574
196707277
155045156
196163926
192058800
44471694
3349502
145367445
171419723
163688700
124688519
139015752
48945629
112005269
135451076
163321357
63497502
163575413
162757102
9413566
91539794
4290255
150402092
189050293
153428888
50947209
108590765
23692607
190330491
19557577
186082460
24497417
16264854
141127616
20661343
60840006
185599311
24010845
58723804
157019034
40215898
183412323
148551138
89161527
95417593
136518566
52482884
11431447
152610331
67756338
20845014
44150125
124562945
23763458
85716771
77991833
74710668
46823888
154200792
65041159
66381465
140283253
89538576
135162672
133927221
162716271
48519030
119526532
39243468
107242834
129061918
79459366
90655158
130129408
168620893
38589103
66647974
73620130
50020550
19258306
141376468
123381916
115924783
65939414
147145375
1641554
196447599
21856043
48465442
150648392
139413554
167363260
143447997
81468482
102525932
77375218
96701105
151044962
49418103
135944573
58287797
178480021
67920292
1459307
108609430
